variant_id,gene,position,wt_aa,mut_aa,true_label,predicted_label,confidence,proba_benign,proba_mild,proba_severe,correct,severity_flip
HBB-Gly119Ser,HBB,119,Gly,Ser,mild,mild,0.725,0.085,0.725,0.19,True,False
HBB-Leu78Met,HBB,78,Leu,Met,mild,mild,0.865,0.045,0.865,0.09,True,False
HBB-Val34Leu,HBB,34,Val,Leu,mild,mild,0.625,0.165,0.625,0.21,True,False
HBB-Val54Ile,HBB,54,Val,Ile,mild,mild,0.87,0.005,0.87,0.125,True,False
HBB-Asn108Lys,HBB,108,Asn,Lys,severe,mild,0.425,0.21,0.425,0.365,False,False
HBB-Phe42Ile,HBB,42,Phe,Ile,severe,mild,0.41,0.265,0.41,0.325,False,False
HBB-Asn108His,HBB,108,Asn,His,mild,severe,0.565,0.09,0.345,0.565,False,False
HBB-His77Leu,HBB,77,His,Leu,benign,mild,0.63,0.3,0.63,0.07,False,False
HBB-Leu31Met,HBB,31,Leu,Met,mild,mild,0.665,0.015,0.665,0.32,True,False
HBB-Asp79Glu,HBB,79,Asp,Glu,mild,mild,0.885,0.05,0.885,0.065,True,False
HBB-Val20Leu,HBB,20,Val,Leu,mild,mild,0.735,0.23,0.735,0.035,True,False
HBB-Asn108Ile,HBB,108,Asn,Ile,mild,severe,0.835,0.035,0.13,0.835,False,False
HBB-His2Gln,HBB,2,His,Gln,benign,mild,0.545,0.08,0.545,0.375,False,False
HBB-Leu96Arg,HBB,96,Leu,Arg,severe,severe,0.52,0.16,0.32,0.52,True,False
HBB-Ala27Thr,HBB,27,Ala,Thr,severe,severe,0.555,0.095,0.35,0.555,True,False
HBB-Gln131His,HBB,131,Gln,His,mild,mild,0.59,0.135,0.59,0.275,True,False
HBB-Ala138Val,HBB,138,Ala,Val,mild,mild,0.525,0.12,0.525,0.355,True,False
HBB-Thr84Asn,HBB,84,Thr,Asn,mild,mild,0.63,0.245,0.63,0.125,True,False
HBB-Pro100Thr,HBB,100,Pro,Thr,mild,severe,0.78,0.025,0.195,0.78,False,False
HBB-Gly24Ser,HBB,24,Gly,Ser,mild,mild,0.545,0.005,0.545,0.45,True,False
HBB-Ala115Val,HBB,115,Ala,Val,mild,severe,0.47,0.25,0.28,0.47,False,False
HBB-Leu78Val,HBB,78,Leu,Val,mild,mild,0.78,0.08,0.78,0.14,True,False
HBB-Ala70Pro,HBB,70,Ala,Pro,mild,mild,0.5,0.46,0.5,0.04,True,False
HBB-Glu26Lys,HBB,26,Glu,Lys,severe,mild,0.905,0.005,0.905,0.09,False,False
HBB-Asn139Ile,HBB,139,Asn,Ile,mild,severe,0.535,0.015,0.45,0.535,False,False
HBB-Arg30Met,HBB,30,Arg,Met,severe,mild,0.8,0.045,0.8,0.155,False,False
HBB-His97Gln,HBB,97,His,Gln,severe,mild,0.62,0.105,0.62,0.275,False,False
HBB-Thr4Asn,HBB,4,Thr,Asn,mild,mild,0.405,0.235,0.405,0.36,True,False
HBB-Ala53Thr,HBB,53,Ala,Thr,severe,mild,0.71,0.17,0.71,0.12,False,False
HBB-Ala129Thr,HBB,129,Ala,Thr,mild,severe,0.48,0.315,0.205,0.48,False,False
HBB-Leu110Gln,HBB,110,Leu,Gln,mild,severe,0.65,0.01,0.34,0.65,False,False
HBB-Glu43Lys,HBB,43,Glu,Lys,mild,mild,0.615,0.045,0.615,0.34,True,False
HBB-Gly69Ala,HBB,69,Gly,Ala,mild,mild,0.84,0.08,0.84,0.08,True,False
HBB-Leu28Val,HBB,28,Leu,Val,mild,mild,0.535,0.055,0.535,0.41,True,False
HBB-Ala53Val,HBB,53,Ala,Val,mild,mild,0.675,0.155,0.675,0.17,True,False
HBB-Leu14Val,HBB,14,Leu,Val,mild,mild,0.72,0.255,0.72,0.025,True,False
HBB-Val133Leu,HBB,133,Val,Leu,mild,mild,0.71,0.055,0.71,0.235,True,False
HBB-Ala128Thr,HBB,128,Ala,Thr,mild,mild,0.53,0.08,0.53,0.39,True,False
HBB-Val137Met,HBB,137,Val,Met,mild,mild,0.59,0.22,0.59,0.19,True,False
HBB-Asn102Ile,HBB,102,Asn,Ile,mild,mild,0.53,0.06,0.53,0.41,True,False
HBB-Gly107Asp,HBB,107,Gly,Asp,severe,severe,0.54,0.06,0.4,0.54,True,False
HBB-Thr38Ser,HBB,38,Thr,Ser,mild,mild,0.635,0.21,0.635,0.155,True,False
HBB-Ala135Val,HBB,135,Ala,Val,mild,mild,0.745,0.135,0.745,0.12,True,False
HBB-Glu7Asp,HBB,7,Glu,Asp,mild,mild,0.53,0.415,0.53,0.055,True,False
HBB-Ala70Gly,HBB,70,Ala,Gly,mild,mild,0.56,0.415,0.56,0.025,True,False
HBB-Val67Leu,HBB,67,Val,Leu,mild,mild,0.585,0.055,0.585,0.36,True,False
HBB-Gly64Ser,HBB,64,Gly,Ser,mild,mild,0.55,0.075,0.55,0.375,True,False
HBB-Lys61Thr,HBB,61,Lys,Thr,mild,mild,0.52,0.045,0.52,0.435,True,False
HBB-Trp37Cys,HBB,37,Trp,Cys,mild,mild,0.5,0.155,0.5,0.345,True,False
HBB-His92Gln,HBB,92,His,Gln,severe,severe,0.495,0.31,0.195,0.495,True,False
HBB-Val60Leu,HBB,60,Val,Leu,mild,mild,0.555,0.085,0.555,0.36,True,False
HBB-Ala86Ser,HBB,86,Ala,Ser,mild,mild,0.805,0.025,0.805,0.17,True,False
HBB-Asn139Lys,HBB,139,Asn,Lys,mild,mild,0.685,0.04,0.685,0.275,True,False
HBB-Glu101Asp,HBB,101,Glu,Asp,mild,mild,0.485,0.05,0.485,0.465,True,False
HBA1-Val55Ile,HBA1,55,Val,Ile,mild,mild,0.475,0.255,0.475,0.27,True,False
HBA1-His20Gln,HBA1,20,His,Gln,benign,benign,0.765,0.765,0.185,0.05,True,False
HBA1-Phe128Val,HBA1,128,Phe,Val,mild,severe,0.465,0.175,0.36,0.465,False,False
HBA1-Pro114His,HBA1,114,Pro,His,mild,mild,0.77,0.19,0.77,0.04,True,False
HBA1-Ala82Pro,HBA1,82,Ala,Pro,mild,mild,0.81,0.125,0.81,0.065,True,False
HBA1-Asp64Ala,HBA1,64,Asp,Ala,mild,mild,0.695,0.2,0.695,0.105,True,False
HBA1-Cys104Tyr,HBA1,104,Cys,Tyr,mild,mild,0.48,0.1,0.48,0.42,True,False
HBA1-Phe128Ser,HBA1,128,Phe,Ser,severe,severe,0.425,0.185,0.39,0.425,True,False
HBA1-Asp85Gly,HBA1,85,Asp,Gly,mild,mild,0.745,0.125,0.745,0.13,True,False
HBA1-Glu23Ala,HBA1,23,Glu,Ala,mild,mild,0.705,0.2,0.705,0.095,True,False
HBA1-Phe117Val,HBA1,117,Phe,Val,mild,mild,0.695,0.26,0.695,0.045,True,False
HBA1-Val55Gly,HBA1,55,Val,Gly,mild,mild,0.49,0.17,0.49,0.34,True,False
HBA1-Asn97Ile,HBA1,97,Asn,Ile,mild,mild,0.625,0.185,0.625,0.19,True,False
HBA1-Met76Ile,HBA1,76,Met,Ile,mild,mild,0.46,0.34,0.46,0.2,True,False
HBA1-Leu101Pro,HBA1,101,Leu,Pro,mild,severe,0.81,0.1,0.09,0.81,False,False
HBA1-Ser52Cys,HBA1,52,Ser,Cys,mild,severe,0.62,0.145,0.235,0.62,False,False
HBA1-Phe46Leu,HBA1,46,Phe,Leu,mild,mild,0.51,0.46,0.51,0.03,True,False
HBA1-Ser131Ala,HBA1,131,Ser,Ala,mild,mild,0.46,0.365,0.46,0.175,True,False
HBA1-Gly25Ser,HBA1,25,Gly,Ser,mild,mild,0.525,0.245,0.525,0.23,True,False
HBA1-Met32Leu,HBA1,32,Met,Leu,mild,severe,0.85,0.02,0.13,0.85,False,False
HBA1-His50Tyr,HBA1,50,His,Tyr,mild,mild,0.525,0.415,0.525,0.06,True,False
HBA1-Ala26Gly,HBA1,26,Ala,Gly,mild,mild,0.715,0.14,0.715,0.145,True,False
HBA1-Lys139Glu,HBA1,139,Lys,Glu,benign,mild,0.74,0.245,0.74,0.015,False,False
HBA1-His50Gln,HBA1,50,His,Gln,benign,mild,0.46,0.36,0.46,0.18,False,False
HBA1-Leu109Pro,HBA1,109,Leu,Pro,severe,mild,0.445,0.18,0.445,0.375,False,False
HBA1-Arg31Lys,HBA1,31,Arg,Lys,severe,benign,0.57,0.57,0.39,0.04,False,True
HBA1-Met32Thr,HBA1,32,Met,Thr,mild,severe,0.675,0.19,0.135,0.675,False,False
HBA1-Glu30Asp,HBA1,30,Glu,Asp,mild,mild,0.5,0.045,0.5,0.455,True,False
HBA1-Tyr24Asn,HBA1,24,Tyr,Asn,mild,mild,0.835,0.09,0.835,0.075,True,False
HBA1-Ala5Thr,HBA1,5,Ala,Thr,mild,mild,0.7,0.09,0.7,0.21,True,False
HBA1-Lys139Asn,HBA1,139,Lys,Asn,mild,mild,0.72,0.245,0.72,0.035,True,False
HBA1-Lys139Gln,HBA1,139,Lys,Gln,mild,benign,0.53,0.53,0.455,0.015,False,False
HBA1-Ala13Thr,HBA1,13,Ala,Thr,mild,mild,0.425,0.42,0.425,0.155,True,False
HBA1-Glu27Asp,HBA1,27,Glu,Asp,mild,mild,0.515,0.115,0.515,0.37,True,False
HBA1-Leu101Val,HBA1,101,Leu,Val,mild,mild,0.445,0.4,0.445,0.155,True,False
HBA1-Gly15Cys,HBA1,15,Gly,Cys,mild,benign,0.59,0.59,0.035,0.375,False,False
HBA1-Met32Ile,HBA1,32,Met,Ile,severe,mild,0.845,0.115,0.845,0.04,False,False
HBA1-Thr108Ile,HBA1,108,Thr,Ile,mild,mild,0.585,0.335,0.585,0.08,True,False
HBA1-Lys60Gln,HBA1,60,Lys,Gln,mild,mild,0.445,0.27,0.445,0.285,True,False
HBA1-Asp47His,HBA1,47,Asp,His,mild,mild,0.49,0.305,0.49,0.205,True,False
HBA1-Val132Met,HBA1,132,Val,Met,benign,mild,0.365,0.32,0.365,0.315,False,False
HBA1-Asn78Lys,HBA1,78,Asn,Lys,benign,mild,0.685,0.2,0.685,0.115,False,False
HBA1-Phe98Tyr,HBA1,98,Phe,Tyr,mild,mild,0.575,0.21,0.575,0.215,True,False
HBA1-His87Gln,HBA1,87,His,Gln,severe,severe,0.625,0.28,0.095,0.625,True,False
HBA1-Ser84Arg,HBA1,84,Ser,Arg,benign,mild,0.565,0.035,0.565,0.4,False,False
HBA1-Lys61Asn,HBA1,61,Lys,Asn,mild,mild,0.575,0.3,0.575,0.125,True,False
HBA1-Thr108Asn,HBA1,108,Thr,Asn,severe,mild,0.755,0.215,0.755,0.03,False,False
HBA1-Asp85His,HBA1,85,Asp,His,mild,mild,0.895,0.05,0.895,0.055,True,False
HBA1-Ser138Cys,HBA1,138,Ser,Cys,mild,mild,0.865,0.06,0.865,0.075,True,False
HBA1-Asp6His,HBA1,6,Asp,His,mild,mild,0.595,0.315,0.595,0.09,True,False
HBA1-Gly59Arg,HBA1,59,Gly,Arg,severe,benign,0.42,0.42,0.17,0.41,False,True
HBA1-Asp85Val,HBA1,85,Asp,Val,mild,severe,0.52,0.115,0.365,0.52,False,False
HBA1-Pro119Ser,HBA1,119,Pro,Ser,severe,mild,0.43,0.325,0.43,0.245,False,False
HBA1-Thr137Ile,HBA1,137,Thr,Ile,mild,mild,0.65,0.22,0.65,0.13,True,False
HBA1-Val121Glu,HBA1,121,Val,Glu,mild,mild,0.62,0.31,0.62,0.07,True,False
HBA1-Ala111Val,HBA1,111,Ala,Val,benign,severe,0.495,0.2,0.305,0.495,False,True
HBA1-Leu48Pro,HBA1,48,Leu,Pro,mild,severe,0.675,0.105,0.22,0.675,False,False
HBA1-Gly18Ser,HBA1,18,Gly,Ser,mild,benign,0.665,0.665,0.22,0.115,False,False
HBA1-Gly59Ser,HBA1,59,Gly,Ser,mild,severe,0.55,0.22,0.23,0.55,False,False
HBA1-Trp14Arg,HBA1,14,Trp,Arg,severe,mild,0.835,0.05,0.835,0.115,False,False
HBA1-Ala110Val,HBA1,110,Ala,Val,mild,severe,0.385,0.275,0.34,0.385,False,False
HBA1-Asn68Lys,HBA1,68,Asn,Lys,benign,benign,0.455,0.455,0.435,0.11,True,False
HBA1-Cys104Ser,HBA1,104,Cys,Ser,mild,mild,0.695,0.075,0.695,0.23,True,False
HBA1-Gly51Ser,HBA1,51,Gly,Ser,benign,benign,0.62,0.62,0.325,0.055,True,False
HBA1-His103Tyr,HBA1,103,His,Tyr,mild,mild,0.405,0.29,0.405,0.305,True,False
HBA1-Pro95Thr,HBA1,95,Pro,Thr,mild,mild,0.715,0.19,0.715,0.095,True,False
HBA1-Leu129Pro,HBA1,129,Leu,Pro,severe,severe,0.545,0.17,0.285,0.545,True,False
HBA1-Lys7Asn,HBA1,7,Lys,Asn,benign,severe,0.5,0.12,0.38,0.5,False,True
HBA1-Tyr24Cys,HBA1,24,Tyr,Cys,mild,mild,0.905,0.05,0.905,0.045,True,False
HBA1-Gly59Asp,HBA1,59,Gly,Asp,severe,severe,0.565,0.245,0.19,0.565,True,False
HBA1-Asp6Tyr,HBA1,6,Asp,Tyr,mild,mild,0.665,0.26,0.665,0.075,True,False
HBA1-Glu116Ala,HBA1,116,Glu,Ala,benign,benign,0.65,0.65,0.315,0.035,True,False
HBA1-Asn68Asp,HBA1,68,Asn,Asp,mild,benign,0.79,0.79,0.165,0.045,False,False
HBA1-Asp6Gly,HBA1,6,Asp,Gly,mild,mild,0.63,0.325,0.63,0.045,True,False
HBA1-Asp94His,HBA1,94,Asp,His,mild,benign,0.545,0.545,0.415,0.04,False,False
HBA1-Arg141Pro,HBA1,141,Arg,Pro,mild,benign,0.465,0.465,0.31,0.225,False,False
HBA1-Asp64His,HBA1,64,Asp,His,mild,mild,0.58,0.11,0.58,0.31,True,False
HBA1-Ala110Asp,HBA1,110,Ala,Asp,severe,mild,0.435,0.37,0.435,0.195,False,False
HBA1-Gly15Arg,HBA1,15,Gly,Arg,benign,mild,0.49,0.03,0.49,0.48,False,False
HBA1-Leu34Arg,HBA1,34,Leu,Arg,mild,mild,0.525,0.29,0.525,0.185,True,False
HBA1-Gly57Asp,HBA1,57,Gly,Asp,benign,severe,0.615,0.02,0.365,0.615,False,True
HBA1-Ser81Cys,HBA1,81,Ser,Cys,mild,mild,0.395,0.255,0.395,0.35,True,False
HBA1-Pro44Leu,HBA1,44,Pro,Leu,severe,severe,0.46,0.14,0.4,0.46,True,False
HBA1-Gln54Glu,HBA1,54,Gln,Glu,benign,benign,0.47,0.47,0.465,0.065,True,False
HBA1-His87Tyr,HBA1,87,His,Tyr,severe,severe,0.505,0.125,0.37,0.505,True,False
HBA1-Lys127Asn,HBA1,127,Lys,Asn,benign,severe,0.505,0.04,0.455,0.505,False,True
HBA1-Ala5Asp,HBA1,5,Ala,Asp,mild,mild,0.5,0.34,0.5,0.16,True,False
HBA1-Lys90Thr,HBA1,90,Lys,Thr,benign,benign,0.855,0.855,0.135,0.01,True,False
HBA1-His112Asp,HBA1,112,His,Asp,mild,benign,0.56,0.56,0.415,0.025,False,False
HBA1-Phe43Leu,HBA1,43,Phe,Leu,severe,benign,0.71,0.71,0.16,0.13,False,True
HBA1-Gly18Arg,HBA1,18,Gly,Arg,benign,mild,0.635,0.165,0.635,0.2,False,False
HBA1-Asp74Asn,HBA1,74,Asp,Asn,mild,mild,0.745,0.175,0.745,0.08,True,False
HBA1-Asp85Asn,HBA1,85,Asp,Asn,mild,mild,0.855,0.08,0.855,0.065,True,False
HBA1-Pro114Arg,HBA1,114,Pro,Arg,mild,mild,0.85,0.07,0.85,0.08,True,False
HBA1-Arg92Leu,HBA1,92,Arg,Leu,severe,benign,0.42,0.42,0.405,0.175,False,True
HBA1-Glu23Lys,HBA1,23,Glu,Lys,mild,mild,0.865,0.115,0.865,0.02,True,False
HBA1-Lys90Asn,HBA1,90,Lys,Asn,benign,benign,0.8,0.8,0.165,0.035,True,False
HBA1-Asp47Asn,HBA1,47,Asp,Asn,mild,mild,0.655,0.18,0.655,0.165,True,False
HBA1-Leu136Pro,HBA1,136,Leu,Pro,severe,mild,0.58,0.125,0.58,0.295,False,False
